194.92	9.00
195.19	9.00
195.46	9.00
195.74	-19.00
196.01	9.00
196.28	21.00
196.55	-11.00
196.83	-12.00
197.10	13.00
197.37	8.00
197.64	20.00
197.92	47.00
198.19	25.00
198.46	5.00
198.73	19.00
199.01	-4.00
199.28	2.00
199.55	8.00
199.82	5.00
200.10	-1.00
200.37	-5.00
200.64	10.00
200.91	17.00
201.18	4.00
201.46	-2.00
201.73	15.00
202.00	9.00
202.27	-1.00
202.55	17.00
202.82	16.00
203.09	26.00
203.36	14.00
203.64	16.00
203.91	12.00
204.18	-7.00
204.45	6.00
204.72	12.00
205.00	16.00
205.27	4.00
205.54	3.00
205.81	5.00
206.09	-20.00
206.36	16.00
206.63	10.00
206.90	18.00
207.17	-4.00
207.45	10.00
207.72	16.00
207.99	7.00
208.26	12.00
208.54	9.00
208.81	-11.00
209.08	5.00
209.35	-4.00
209.62	15.00
209.90	10.00
210.17	27.00
210.44	16.00
210.71	-1.00
210.98	8.00
211.26	8.00
211.53	16.00
211.80	-4.00
212.07	18.00
212.34	-5.00
212.62	2.00
212.89	9.00
213.16	17.00
213.43	-1.00
213.70	10.00
213.98	13.00
214.25	-5.00
214.52	-1.00
214.79	9.00
215.06	-18.00
215.34	-7.00
215.61	9.00
215.88	5.00
216.15	0.00
216.42	-2.00
216.70	15.00
216.97	7.00
217.24	15.00
217.51	8.00
217.78	5.00
218.05	8.00
218.33	13.00
218.60	13.00
218.87	0.00
219.14	21.00
219.41	29.00
219.69	34.00
219.96	15.00
220.23	28.00
220.50	34.00
220.77	22.00
221.04	12.00
221.32	24.00
221.59	19.00
221.86	10.00
222.13	24.00
222.40	18.00
222.67	11.00
222.95	18.00
223.22	15.00
223.49	9.00
223.76	-2.00
224.03	18.00
224.30	16.00
224.58	4.00
224.85	1.00
225.12	3.00
225.39	24.00
225.66	-2.00
225.93	12.00
226.21	-3.00
226.48	-13.00
226.75	7.00
227.02	29.00
227.29	19.00
227.56	-6.00
227.84	-1.00
228.11	-11.00
228.38	8.00
228.65	34.00
228.92	16.00
229.19	10.00
229.46	12.00
229.74	2.00
230.01	-31.00
230.28	5.00
230.55	11.00
230.82	5.00
231.09	5.00
231.36	5.00
231.64	13.00
231.91	16.00
232.18	-7.00
232.45	14.00
232.72	13.00
232.99	2.00
233.26	2.00
233.54	0.00
233.81	-16.00
234.08	2.00
234.35	0.00
234.62	8.00
234.89	9.00
235.16	-2.00
235.43	26.00
235.71	32.00
235.98	7.00
236.25	5.00
236.52	34.00
236.79	24.00
237.06	5.00
237.33	26.00
237.60	0.00
237.88	7.00
238.15	23.00
238.42	36.00
238.69	18.00
238.96	4.00
239.23	8.00
239.50	-14.00
239.77	-3.00
240.05	15.00
240.32	2.00
240.59	-6.00
240.86	5.00
241.13	10.00
241.40	4.00
241.67	8.00
241.94	30.00
242.21	-9.00
242.49	0.00
242.76	23.00
243.03	6.00
243.30	24.00
243.57	29.00
243.84	8.00
244.11	20.00
244.38	12.00
244.65	-21.00
244.92	14.00
245.20	-12.00
245.47	3.00
245.74	-8.00
246.01	3.00
246.28	8.00
246.55	4.00
246.82	2.00
247.09	6.00
247.36	23.00
247.63	3.00
247.91	-9.00
248.18	1.00
248.45	-8.00
248.72	3.00
248.99	-5.00
249.26	14.00
249.53	16.00
249.80	-8.00
250.07	12.00
250.34	6.00
250.61	19.00
250.88	5.00
251.16	12.00
251.43	6.00
251.70	14.00
251.97	10.00
252.24	7.00
252.51	29.00
252.78	14.00
253.05	27.00
253.32	-2.00
253.59	16.00
253.86	14.00
254.13	-7.00
254.40	0.00
254.68	18.00
254.95	19.00
255.22	14.00
255.49	-13.00
255.76	3.00
256.03	3.00
256.30	8.00
256.57	-15.00
256.84	9.00
257.11	25.00
257.38	20.00
257.65	-3.00
257.92	8.00
258.19	11.00
258.46	7.00
258.73	16.00
259.01	16.00
259.28	23.00
259.55	31.00
259.82	9.00
260.09	21.00
260.36	5.00
260.63	10.00
260.90	2.00
261.17	-10.00
261.44	-10.00
261.71	13.00
261.98	25.00
262.25	37.00
262.52	0.00
262.79	-3.00
263.06	8.00
263.33	30.00
263.60	1.00
263.87	21.00
264.14	25.00
264.42	-2.00
264.69	-1.00
264.96	3.00
265.23	11.00
265.50	16.00
265.77	-4.00
266.04	3.00
266.31	-5.00
266.58	14.00
266.85	7.00
267.12	-4.00
267.39	28.00
267.66	32.00
267.93	-8.00
268.20	13.00
268.47	7.00
268.74	-19.00
269.01	12.00
269.28	-2.00
269.55	8.00
269.82	18.00
270.09	-8.00
270.36	-2.00
270.63	24.00
270.90	27.00
271.17	20.00
271.44	8.00
271.71	11.00
271.98	-17.00
272.25	23.00
272.52	5.00
272.79	-8.00
273.06	22.00
273.33	21.00
273.60	14.00
273.87	21.00
274.14	15.00
274.41	26.00
274.68	13.00
274.95	21.00
275.22	16.00
275.49	7.00
275.76	2.00
276.03	4.00
276.30	20.00
276.57	11.00
276.84	19.00
277.11	9.00
277.38	-3.00
277.65	-4.00
277.92	19.00
278.19	0.00
278.46	6.00
278.73	2.00
279.00	-17.00
279.27	12.00
279.54	8.00
279.81	5.00
280.08	11.00
280.35	4.00
280.62	14.00
280.89	1.00
281.16	11.00
281.43	-5.00
281.70	8.00
281.97	21.00
282.24	14.00
282.51	-4.00
282.78	0.00
283.05	12.00
283.32	16.00
283.59	23.00
283.86	5.00
284.13	-13.00
284.40	10.00
284.67	6.00
284.94	17.00
285.21	16.00
285.48	11.00
285.75	29.00
286.02	36.00
286.29	14.00
286.56	-8.00
286.83	8.00
287.10	21.00
287.37	15.00
287.64	10.00
287.91	21.00
288.18	6.00
288.45	22.00
288.72	18.00
288.99	6.00
289.26	-13.00
289.53	16.00
289.79	4.00
290.06	1.00
290.33	3.00
290.60	4.00
290.87	-2.00
291.14	4.00
291.41	-6.00
291.68	23.00
291.95	17.00
292.22	6.00
292.49	-5.00
292.76	14.00
293.03	13.00
293.30	-2.00
293.57	2.00
293.84	9.00
294.11	14.00
294.38	5.00
294.65	0.00
294.92	-14.00
295.19	14.00
295.45	2.00
295.72	-10.00
295.99	5.00
296.26	-5.00
296.53	-9.00
296.80	11.00
297.07	6.00
297.34	0.00
297.61	30.00
297.88	-2.00
298.15	2.00
298.42	11.00
298.69	0.00
298.96	-4.00
299.23	12.00
299.49	4.00
299.76	12.00
300.03	17.00
300.30	0.00
300.57	-2.00
300.84	-13.00
301.11	-12.00
301.38	17.00
301.65	-10.00
301.92	7.00
302.19	22.00
302.46	3.00
302.73	10.00
303.00	17.00
303.26	4.00
303.53	29.00
303.80	9.00
304.07	12.00
304.34	21.00
304.61	-2.00
304.88	26.00
305.15	8.00
305.42	-6.00
305.69	-13.00
305.96	14.00
306.22	20.00
306.49	25.00
306.76	12.00
307.03	6.00
307.30	-2.00
307.57	18.00
307.84	18.00
308.11	20.00
308.38	6.00
308.65	11.00
308.92	19.00
309.18	17.00
309.45	4.00
309.72	-6.00
309.99	8.00
310.26	25.00
310.53	15.00
310.80	28.00
311.07	29.00
311.34	28.00
311.60	12.00
311.87	9.00
312.14	-2.00
312.41	28.00
312.68	13.00
312.95	9.00
313.22	-7.00
313.49	-2.00
313.76	0.00
314.02	2.00
314.29	11.00
314.56	15.00
314.83	10.00
315.10	10.00
315.37	-21.00
315.64	4.00
315.91	16.00
316.17	5.00
316.44	9.00
316.71	12.00
316.98	13.00
317.25	1.00
317.52	-9.00
317.79	-24.00
318.06	-6.00
318.32	-14.00
318.59	4.00
318.86	8.00
319.13	12.00
319.40	-2.00
319.67	-4.00
319.94	14.00
320.21	-11.00
320.47	10.00
320.74	4.00
321.01	-7.00
321.28	11.00
321.55	-9.00
321.82	27.00
322.09	12.00
322.35	10.00
322.62	2.00
322.89	-10.00
323.16	9.00
323.43	20.00
323.70	32.00
323.97	2.00
324.23	12.00
324.50	14.00
324.77	-9.00
325.04	-17.00
325.31	3.00
325.58	0.00
325.85	-1.00
326.11	10.00
326.38	-22.00
326.65	1.00
326.92	16.00
327.19	23.00
327.46	8.00
327.72	19.00
327.99	21.00
328.26	18.00
328.53	-2.00
328.80	-8.00
329.07	21.00
329.33	6.00
329.60	-20.00
329.87	-12.00
330.14	3.00
330.41	4.00
330.68	-6.00
330.94	17.00
331.21	-12.00
331.48	12.00
331.75	23.00
332.02	-6.00
332.29	13.00
332.55	12.00
332.82	12.00
333.09	-20.00
333.36	-14.00
333.63	8.00
333.90	4.00
334.16	31.00
334.43	-10.00
334.70	-2.00
334.97	23.00
335.24	15.00
335.50	2.00
335.77	5.00
336.04	26.00
336.31	3.00
336.58	5.00
336.85	16.00
337.11	26.00
337.38	15.00
337.65	13.00
337.92	27.00
338.19	5.00
338.45	-2.00
338.72	2.00
338.99	15.00
339.26	2.00
339.53	20.00
339.79	3.00
340.06	15.00
340.33	14.00
340.60	14.00
340.87	-4.00
341.13	20.00
341.40	25.00
341.67	9.00
341.94	4.00
342.21	-1.00
342.47	19.00
342.74	5.00
343.01	-3.00
343.28	-2.00
343.55	4.00
343.81	8.00
344.08	17.00
344.35	7.00
344.62	-9.00
344.88	-3.00
345.15	25.00
345.42	-2.00
345.69	7.00
345.96	14.00
346.22	19.00
346.49	36.00
346.76	19.00
347.03	19.00
347.30	4.00
347.56	-4.00
347.83	13.00
348.10	32.00
348.37	18.00
348.63	8.00
348.90	-9.00
349.17	1.00
349.44	7.00
349.71	28.00
349.97	29.00
350.24	2.00
350.51	6.00
350.78	7.00
351.04	17.00
351.31	16.00
351.58	11.00
351.85	19.00
352.11	19.00
352.38	-3.00
352.65	15.00
352.92	25.00
353.18	-2.00
353.45	-2.00
353.72	-1.00
353.99	4.00
354.25	2.00
354.52	29.00
354.79	4.00
355.06	16.00
355.33	1.00
355.59	12.00
355.86	-4.00
356.13	8.00
356.40	19.00
356.66	10.00
356.93	2.00
357.20	-1.00
357.47	5.00
357.73	15.00
358.00	14.00
358.27	24.00
358.53	14.00
358.80	24.00
359.07	13.00
359.34	25.00
359.60	1.00
359.87	1.00
360.14	-34.00
360.41	-24.00
360.67	15.00
360.94	7.00
361.21	10.00
361.48	2.00
361.74	9.00
362.01	28.00
362.28	41.00
362.55	19.00
362.81	23.00
363.08	26.00
363.35	10.00
363.61	30.00
363.88	29.00
364.15	-1.00
364.42	24.00
364.68	24.00
364.95	23.00
365.22	15.00
365.49	14.00
365.75	9.00
366.02	16.00
366.29	10.00
366.55	11.00
366.82	18.00
367.09	-5.00
367.36	-2.00
367.62	2.00
367.89	-22.00
368.16	9.00
368.42	6.00
368.69	21.00
368.96	28.00
369.23	14.00
369.49	30.00
369.76	11.00
370.03	7.00
370.29	28.00
370.56	19.00
370.83	14.00
371.09	23.00
371.36	4.00
371.63	8.00
371.90	-3.00
372.16	-4.00
372.43	0.00
372.70	-1.00
372.96	18.00
373.23	-3.00
373.50	25.00
373.76	16.00
374.03	-10.00
374.30	3.00
374.57	4.00
374.83	12.00
375.10	-1.00
375.37	17.00
375.63	1.00
375.90	20.00
376.17	23.00
376.43	13.00
376.70	23.00
376.97	46.00
377.23	13.00
377.50	13.00
377.77	28.00
378.03	16.00
378.30	-1.00
378.57	10.00
378.83	31.00
379.10	1.00
379.37	15.00
379.64	26.00
379.90	2.00
380.17	0.00
380.44	8.00
380.70	1.00
380.97	6.00
381.24	-7.00
381.50	7.00
381.77	15.00
382.04	-3.00
382.30	-2.00
382.57	13.00
382.84	19.00
383.10	32.00
383.37	37.00
383.64	19.00
383.90	-13.00
384.17	9.00
384.44	15.00
384.70	17.00
384.97	0.00
385.24	16.00
385.50	24.00
385.77	18.00
386.03	2.00
386.30	12.00
386.57	31.00
386.83	23.00
387.10	13.00
387.37	19.00
387.63	-17.00
387.90	-3.00
388.17	-8.00
388.43	21.00
388.70	-12.00
388.97	-13.00
389.23	27.00
389.50	10.00
389.77	18.00
390.03	13.00
390.30	2.00
390.57	-5.00
390.83	17.00
391.10	19.00
391.36	7.00
391.63	10.00
391.90	25.00
392.16	8.00
392.43	24.00
392.70	14.00
392.96	13.00
393.23	0.00
393.50	-15.00
393.76	-4.00
394.03	0.00
394.29	-6.00
394.56	10.00
394.83	27.00
395.09	30.00
395.36	5.00
395.63	21.00
395.89	9.00
396.16	13.00
396.42	7.00
396.69	7.00
396.96	23.00
397.22	12.00
397.49	0.00
397.75	-15.00
398.02	-9.00
398.29	4.00
398.55	16.00
398.82	14.00
399.09	28.00
399.35	23.00
399.62	23.00
399.88	17.00
400.15	-1.00
400.42	6.00
400.68	29.00
400.95	7.00
401.21	-17.00
401.48	6.00
401.75	12.00
402.01	-1.00
402.28	-5.00
402.54	0.00
402.81	19.00
403.08	3.00
403.34	10.00
403.61	8.00
403.87	-3.00
404.14	-2.00
404.41	23.00
404.67	10.00
404.94	32.00
405.20	-9.00
405.47	1.00
405.74	9.00
406.00	15.00
406.27	8.00
406.53	27.00
406.80	23.00
407.07	7.00
407.33	16.00
407.60	-7.00
407.86	17.00
408.13	10.00
408.40	-9.00
408.66	8.00
408.93	17.00
409.19	-2.00
409.46	2.00
409.72	-11.00
409.99	18.00
410.26	10.00
410.52	25.00
410.79	20.00
411.05	31.00
411.32	39.00
411.58	34.00
411.85	10.00
412.12	22.00
412.38	7.00
412.65	17.00
412.91	9.00
413.18	12.00
413.44	24.00
413.71	3.00
413.98	-16.00
414.24	18.00
414.51	7.00
414.77	19.00
415.04	0.00
415.30	-8.00
415.57	12.00
415.84	16.00
416.10	14.00
416.37	9.00
416.63	9.00
416.90	3.00
417.16	-9.00
417.43	-11.00
417.69	5.00
417.96	-2.00
418.23	11.00
418.49	0.00
418.76	-4.00
419.02	-8.00
419.29	21.00
419.55	4.00
419.82	14.00
420.08	8.00
420.35	16.00
420.61	-15.00
420.88	3.00
421.15	8.00
421.41	19.00
421.68	23.00
421.94	21.00
422.21	33.00
422.47	-6.00
422.74	2.00
423.00	-20.00
423.27	-2.00
423.53	3.00
423.80	16.00
424.06	11.00
424.33	14.00
424.60	4.00
424.86	0.00
425.13	5.00
425.39	20.00
425.66	8.00
425.92	17.00
426.19	21.00
426.45	21.00
426.72	15.00
426.98	15.00
427.25	-11.00
427.51	14.00
427.78	0.00
428.04	-3.00
428.31	18.00
428.57	2.00
428.84	-3.00
429.10	-8.00
429.37	-10.00
429.63	34.00
429.90	17.00
430.17	1.00
430.43	-7.00
430.70	-2.00
430.96	11.00
431.23	4.00
431.49	2.00
431.76	20.00
432.02	-7.00
432.29	-8.00
432.55	-2.00
432.82	17.00
433.08	4.00
433.35	-3.00
433.61	-10.00
433.88	-21.00
434.14	11.00
434.41	28.00
434.67	-1.00
434.94	15.00
435.20	4.00
435.47	16.00
435.73	15.00
436.00	26.00
436.26	-10.00
436.53	13.00
436.79	17.00
437.06	21.00
437.32	2.00
437.59	21.00
437.85	-13.00
438.12	-15.00
438.38	9.00
438.64	2.00
438.91	-12.00
439.17	1.00
439.44	5.00
439.70	15.00
439.97	7.00
440.23	3.00
440.50	5.00
440.76	13.00
441.03	29.00
441.29	27.00
441.56	31.00
441.82	1.00
442.09	2.00
442.35	3.00
442.62	-4.00
442.88	-16.00
443.15	2.00
443.41	24.00
443.68	-13.00
443.94	-17.00
444.21	24.00
444.47	-6.00
444.73	-17.00
445.00	7.00
445.26	16.00
445.53	39.00
445.79	7.00
446.06	5.00
446.32	-2.00
446.59	0.00
446.85	4.00
447.12	26.00
447.38	3.00
447.65	12.00
447.91	9.00
448.17	-8.00
448.44	12.00
448.70	4.00
448.97	-6.00
449.23	-7.00
449.50	12.00
449.76	1.00
450.03	8.00
450.29	3.00
450.55	4.00
450.82	0.00
451.08	20.00
451.35	5.00
451.61	21.00
451.88	3.00
452.14	21.00
452.41	1.00
452.67	-6.00
452.93	13.00
453.20	12.00
453.46	-1.00
453.73	16.00
453.99	-11.00
454.26	12.00
454.52	1.00
454.79	-1.00
455.05	32.00
455.31	15.00
455.58	-3.00
455.84	0.00
456.11	13.00
456.37	9.00
456.64	5.00
456.90	10.00
457.16	6.00
457.43	-2.00
457.69	10.00
457.96	-2.00
458.22	-15.00
458.49	-9.00
458.75	-5.00
459.01	14.00
459.28	-15.00
459.54	3.00
459.81	-8.00
460.07	2.00
460.33	-1.00
460.60	7.00
460.86	14.00
461.13	-11.00
461.39	21.00
461.66	34.00
461.92	14.00
462.18	0.00
462.45	11.00
462.71	27.00
462.98	20.00
463.24	-5.00
463.50	9.00
463.77	9.00
464.03	22.00
464.30	15.00
464.56	8.00
464.82	3.00
465.09	-10.00
465.35	22.00
465.62	12.00
465.88	18.00
466.14	11.00
466.41	-1.00
466.67	2.00
466.94	17.00
467.20	6.00
467.46	1.00
467.73	-21.00
467.99	-19.00
468.26	-20.00
468.52	16.00
468.78	18.00
469.05	8.00
469.31	17.00
469.57	20.00
469.84	17.00
470.10	11.00
470.37	15.00
470.63	-6.00
470.89	9.00
471.16	13.00
471.42	-2.00
471.69	-8.00
471.95	-8.00
472.21	-4.00
472.48	9.00
472.74	25.00
473.00	14.00
473.27	9.00
473.53	11.00
473.80	19.00
474.06	-4.00
474.32	6.00
474.59	8.00
474.85	-1.00
475.11	7.00
475.38	7.00
475.64	23.00
475.91	1.00
476.17	5.00
476.43	22.00
476.70	8.00
476.96	8.00
477.22	-5.00
477.49	3.00
477.75	12.00
478.01	5.00
478.28	2.00
478.54	19.00
478.80	9.00
479.07	21.00
479.33	-13.00
479.60	-7.00
479.86	6.00
480.12	18.00
480.39	21.00
480.65	-10.00
480.91	4.00
481.18	12.00
481.44	11.00
481.70	20.00
481.97	13.00
482.23	-1.00
482.49	-1.00
482.76	5.00
483.02	12.00
483.28	17.00
483.55	30.00
483.81	-7.00
484.07	-19.00
484.34	7.00
484.60	31.00
484.86	27.00
485.13	8.00
485.39	-18.00
485.65	6.00
485.92	10.00
486.18	15.00
486.44	-7.00
486.71	10.00
486.97	-18.00
487.23	24.00
487.50	12.00
487.76	3.00
488.02	-2.00
488.29	-2.00
488.55	10.00
488.81	-2.00
489.08	-4.00
489.34	21.00
489.60	-2.00
489.87	-7.00
490.13	18.00
490.39	-21.00
490.66	-12.00
490.92	-7.00
491.18	-3.00
491.45	10.00
491.71	9.00
491.97	18.00
492.23	22.00
492.50	-8.00
492.76	1.00
493.02	-4.00
493.29	7.00
493.55	-6.00
493.81	10.00
494.08	12.00
494.34	2.00
494.60	-3.00
494.87	4.00
495.13	15.00
495.39	31.00
495.65	1.00
495.92	3.00
496.18	3.00
496.44	-9.00
496.71	-1.00
496.97	24.00
497.23	-8.00
497.50	-4.00
497.76	16.00
498.02	-6.00
498.28	4.00
498.55	14.00
498.81	27.00
499.07	9.00
499.34	13.00
499.60	21.00
499.86	1.00
500.12	-9.00
500.39	4.00
500.65	12.00
500.91	18.00
501.18	7.00
501.44	21.00
501.70	19.00
501.96	1.00
502.23	5.00
502.49	10.00
502.75	17.00
503.02	15.00
503.28	14.00
503.54	12.00
503.80	8.00
504.07	5.00
504.33	6.00
504.59	24.00
504.85	-2.00
505.12	-10.00
505.38	-3.00
505.64	-1.00
505.91	10.00
506.17	23.00
506.43	12.00
506.69	8.00
506.96	10.00
507.22	-4.00
507.48	4.00
507.74	11.00
508.01	2.00
508.27	7.00
508.53	9.00
508.79	-3.00
509.06	11.00
509.32	36.00
509.58	14.00
509.84	-4.00
510.11	-2.00
510.37	6.00
510.63	-13.00
510.89	20.00
511.16	-21.00
511.42	-5.00
511.68	10.00
511.94	3.00
512.21	8.00
512.47	-9.00
512.73	11.00
512.99	-1.00
513.26	15.00
513.52	4.00
513.78	6.00
514.04	1.00
514.31	1.00
514.57	6.00
514.83	-16.00
515.09	2.00
515.36	32.00
515.62	-12.00
515.88	21.00
516.14	14.00
516.41	-2.00
516.67	16.00
516.93	-15.00
517.19	14.00
517.45	-1.00
517.72	30.00
517.98	7.00
518.24	6.00
518.50	7.00
518.77	6.00
519.03	14.00
519.29	27.00
519.55	15.00
519.81	5.00
520.08	3.00
520.34	-4.00
520.60	20.00
520.86	15.00
521.13	3.00
521.39	1.00
521.65	-2.00
521.91	9.00
522.17	-13.00
522.44	-5.00
522.70	0.00
522.96	2.00
523.22	7.00
523.48	9.00
523.75	10.00
524.01	33.00
524.27	18.00
524.53	15.00
524.80	16.00
525.06	9.00
525.32	2.00
525.58	5.00
525.84	24.00
526.11	2.00
526.37	17.00
526.63	14.00
526.89	4.00
527.15	-16.00
527.42	-8.00
527.68	12.00
527.94	-7.00
528.20	18.00
528.46	4.00
528.72	18.00
528.99	-4.00
529.25	10.00
529.51	4.00
529.77	18.00
530.03	26.00
530.30	11.00
530.56	11.00
530.82	4.00
531.08	-9.00
531.34	-5.00
531.61	-6.00
531.87	-1.00
532.13	18.00
532.39	14.00
532.65	23.00
532.91	9.00
533.18	8.00
533.44	5.00
533.70	22.00
533.96	12.00
534.22	3.00
534.48	11.00
534.75	-2.00
535.01	16.00
535.27	34.00
535.53	41.00
535.79	4.00
536.06	3.00
536.32	8.00
536.58	-11.00
536.84	21.00
537.10	-7.00
537.36	12.00
537.63	0.00
537.89	-3.00
538.15	8.00
538.41	-26.00
538.67	13.00
538.93	2.00
539.19	-7.00
539.46	-21.00
539.72	-4.00
539.98	10.00
540.24	10.00
540.50	37.00
540.76	3.00
541.03	-1.00
541.29	1.00
541.55	-5.00
541.81	18.00
542.07	7.00
542.33	6.00
542.59	7.00
542.86	-9.00
543.12	15.00
543.38	6.00
543.64	7.00
543.90	-7.00
544.16	3.00
544.42	-5.00
544.69	14.00
544.95	23.00
545.21	0.00
545.47	16.00
545.73	-12.00
545.99	-21.00
546.25	-8.00
546.52	8.00
546.78	16.00
547.04	6.00
547.30	-8.00
547.56	3.00
547.82	22.00
548.08	5.00
548.34	11.00
548.61	14.00
548.87	1.00
549.13	13.00
549.39	12.00
549.65	7.00
549.91	-2.00
550.17	-6.00
550.43	1.00
550.70	-14.00
550.96	16.00
551.22	13.00
551.48	1.00
551.74	-21.00
552.00	3.00
552.26	17.00
552.52	19.00
552.78	7.00
553.05	-6.00
553.31	11.00
553.57	13.00
553.83	6.00
554.09	29.00
554.35	17.00
554.61	13.00
554.87	15.00
555.13	34.00
555.40	-5.00
555.66	13.00
555.92	9.00
556.18	38.00
556.44	7.00
556.70	18.00
556.96	24.00
557.22	9.00
557.48	1.00
557.74	8.00
558.01	5.00
558.27	-7.00
558.53	9.00
558.79	-7.00
559.05	0.00
559.31	6.00
559.57	17.00
559.83	27.00
560.09	7.00
560.35	11.00
560.61	25.00
560.88	13.00
561.14	8.00
561.40	8.00
561.66	19.00
561.92	30.00
562.18	21.00
562.44	14.00
562.70	22.00
562.96	-19.00
563.22	1.00
563.48	2.00
563.74	9.00
564.01	7.00
564.27	-7.00
564.53	4.00
564.79	13.00
565.05	-7.00
565.31	4.00
565.57	-15.00
565.83	-8.00
566.09	-9.00
566.35	6.00
566.61	2.00
566.87	12.00
567.13	25.00
567.39	18.00
567.65	-7.00
567.92	17.00
568.18	22.00
568.44	18.00
568.70	4.00
568.96	-10.00
569.22	3.00
569.48	3.00
569.74	24.00
570.00	4.00
570.26	-4.00
570.52	17.00
570.78	22.00
571.04	14.00
571.30	-5.00
571.56	-15.00
571.82	-1.00
572.08	4.00
572.34	9.00
572.61	-9.00
572.87	-18.00
573.13	-2.00
573.39	13.00
573.65	18.00
573.91	-6.00
574.17	-2.00
574.43	19.00
574.69	21.00
574.95	15.00
575.21	-4.00
575.47	17.00
575.73	22.00
575.99	18.00
576.25	-4.00
576.51	-5.00
576.77	-5.00
577.03	11.00
577.29	14.00
577.55	20.00
577.81	21.00
578.07	-3.00
578.33	-1.00
578.59	36.00
578.85	4.00
579.11	-10.00
579.37	-5.00
579.63	4.00
579.89	16.00
580.16	26.00
580.42	5.00
580.68	23.00
580.94	6.00
581.20	20.00
581.46	-2.00
581.72	-12.00
581.98	-2.00
582.24	20.00
582.50	-11.00
582.76	2.00
583.02	-4.00
583.28	19.00
583.54	6.00
583.80	7.00
584.06	4.00
584.32	21.00
584.58	5.00
584.84	-4.00
585.10	-8.00
585.36	-11.00
585.62	16.00
585.88	-7.00
586.14	20.00
586.40	10.00
586.66	-7.00
586.92	16.00
587.18	13.00
587.44	0.00
587.70	-2.00
587.96	11.00
588.22	2.00
588.48	25.00
588.74	-18.00
589.00	15.00
589.26	6.00
589.52	4.00
589.78	25.00
590.04	22.00
590.30	10.00
590.56	9.00
590.82	12.00
591.08	8.00
591.34	-2.00
591.60	13.00
591.86	10.00
592.12	-8.00
592.38	1.00
592.64	-2.00
592.90	-11.00
593.15	1.00
593.41	17.00
593.67	17.00
593.93	-7.00
594.19	15.00
594.45	19.00
594.71	21.00
594.97	4.00
595.23	28.00
595.49	11.00
595.75	10.00
596.01	-2.00
596.27	-4.00
596.53	8.00
596.79	11.00
597.05	17.00
597.31	4.00
597.57	7.00
597.83	11.00
598.09	20.00
598.35	16.00
598.61	24.00
598.87	18.00
599.13	28.00
599.39	4.00
599.65	15.00
599.91	18.00
600.17	14.00
600.43	3.00
600.68	-4.00
600.94	6.00
601.20	7.00
601.46	23.00
601.72	6.00
601.98	6.00
602.24	18.00
602.50	24.00
602.76	21.00
603.02	-22.00
603.28	0.00
603.54	-1.00
603.80	-4.00
604.06	9.00
604.32	0.00
604.58	14.00
604.84	6.00
605.10	17.00
605.35	10.00
605.61	-8.00
605.87	22.00
606.13	7.00
606.39	9.00
606.65	0.00
606.91	9.00
607.17	7.00
607.43	26.00
607.69	13.00
607.95	-3.00
608.21	0.00
608.47	18.00
608.73	23.00
608.99	5.00
609.24	-10.00
609.50	5.00
609.76	3.00
610.02	-3.00
610.28	10.00
610.54	17.00
610.80	-4.00
611.06	-3.00
611.32	18.00
611.58	-3.00
611.84	1.00
612.10	-6.00
612.35	14.00
612.61	6.00
612.87	0.00
613.13	3.00
613.39	14.00
613.65	0.00
613.91	10.00
614.17	-1.00
614.43	10.00
614.69	4.00
614.95	18.00
615.20	-10.00
615.46	25.00
615.72	2.00
615.98	13.00
616.24	1.00
616.50	13.00
616.76	-8.00
617.02	-3.00
617.28	-5.00
617.54	23.00
617.79	7.00
618.05	8.00
618.31	13.00
618.57	-9.00
618.83	11.00
619.09	13.00
619.35	23.00
619.61	11.00
619.87	-7.00
620.12	21.00
620.38	14.00
620.64	9.00
620.90	7.00
621.16	9.00
621.42	-5.00
621.68	15.00
621.94	9.00
622.20	22.00
622.45	8.00
622.71	3.00
622.97	4.00
623.23	27.00
623.49	0.00
623.75	-2.00
624.01	15.00
624.27	20.00
624.52	14.00
624.78	11.00
625.04	23.00
625.30	22.00
625.56	1.00
625.82	16.00
626.08	2.00
626.34	17.00
626.59	34.00
626.85	-2.00
627.11	6.00
627.37	4.00
627.63	-8.00
627.89	24.00
628.15	12.00
628.40	-2.00
628.66	-14.00
628.92	-4.00
629.18	16.00
629.44	7.00
629.70	3.00
629.96	6.00
630.21	20.00
630.47	7.00
630.73	10.00
630.99	11.00
631.25	22.00
631.51	23.00
631.77	9.00
632.02	11.00
632.28	12.00
632.54	2.00
632.80	0.00
633.06	3.00
633.32	9.00
633.57	3.00
633.83	0.00
634.09	25.00
634.35	17.00
634.61	16.00
634.87	8.00
635.12	-7.00
635.38	15.00
635.64	12.00
635.90	15.00
636.16	32.00
636.42	2.00
636.67	20.00
636.93	5.00
637.19	22.00
637.45	0.00
637.71	18.00
637.97	-10.00
638.22	-10.00
638.48	7.00
638.74	14.00
639.00	6.00
639.26	7.00
639.52	3.00
639.77	0.00
640.03	20.00
640.29	37.00
640.55	23.00
640.81	-11.00
641.07	7.00
641.32	18.00
641.58	-4.00
641.84	-6.00
642.10	-2.00
642.36	2.00
642.61	-7.00
642.87	4.00
643.13	8.00
643.39	1.00
643.65	12.00
643.90	18.00
644.16	4.00
644.42	4.00
644.68	-19.00
644.94	29.00
645.19	-4.00
645.45	32.00
645.71	8.00
645.97	32.00
646.23	15.00
646.48	26.00
646.74	14.00
647.00	1.00
647.26	6.00
647.52	11.00
647.77	8.00
648.03	-6.00
648.29	10.00
648.55	10.00
648.81	7.00
649.06	28.00
649.32	-3.00
649.58	9.00
649.84	-3.00
650.10	20.00
650.35	-4.00
650.61	-11.00
650.87	10.00
651.13	4.00
651.38	21.00
651.64	8.00
651.90	2.00
652.16	10.00
652.42	2.00
652.67	18.00
652.93	22.00
653.19	14.00
653.45	29.00
653.70	13.00
653.96	6.00
654.22	-3.00
654.48	10.00
654.74	12.00
654.99	-9.00
655.25	15.00
655.51	-3.00
655.77	3.00
656.02	8.00
656.28	20.00
656.54	11.00
656.80	-1.00
657.05	13.00
657.31	23.00
657.57	-14.00
657.83	29.00
658.09	25.00
658.34	-4.00
658.60	20.00
658.86	-2.00
659.12	-4.00
659.37	4.00
659.63	-3.00
659.89	25.00
660.15	13.00
660.40	22.00
660.66	11.00
660.92	23.00
661.18	31.00
661.43	9.00
661.69	13.00
661.95	31.00
662.21	1.00
662.46	5.00
662.72	4.00
662.98	34.00
663.24	1.00
663.49	8.00
663.75	17.00
664.01	4.00
664.26	-3.00
664.52	3.00
664.78	11.00
665.04	22.00
665.29	-6.00
665.55	28.00
665.81	-7.00
666.07	12.00
666.32	8.00
666.58	6.00
666.84	15.00
667.10	35.00
667.35	1.00
667.61	5.00
667.87	18.00
668.12	12.00
668.38	38.00
668.64	14.00
668.90	-5.00
669.15	-12.00
669.41	-9.00
669.67	12.00
669.93	6.00
670.18	-5.00
670.44	16.00
670.70	24.00
670.95	-11.00
671.21	10.00
671.47	19.00
671.73	43.00
671.98	23.00
672.24	27.00
672.50	20.00
672.75	32.00
673.01	5.00
673.27	13.00
673.52	3.00
673.78	18.00
674.04	13.00
674.30	-18.00
674.55	-9.00
674.81	4.00
675.07	11.00
675.32	8.00
675.58	0.00
675.84	26.00
676.10	39.00
676.35	13.00
676.61	35.00
676.87	12.00
677.12	20.00
677.38	29.00
677.64	25.00
677.89	-3.00
678.15	1.00
678.41	16.00
678.66	21.00
678.92	22.00
679.18	11.00
679.44	5.00
679.69	-5.00
679.95	15.00
680.21	0.00
680.46	6.00
680.72	29.00
680.98	-2.00
681.23	11.00
681.49	8.00
681.75	20.00
682.00	25.00
682.26	6.00
682.52	9.00
682.77	-3.00
683.03	7.00
683.29	15.00
683.54	6.00
683.80	17.00
684.06	11.00
684.31	8.00
684.57	15.00
684.83	14.00
685.08	13.00
685.34	-10.00
685.60	9.00
685.85	1.00
686.11	-9.00
686.37	17.00
686.62	1.00
686.88	20.00
687.14	9.00
687.39	4.00
687.65	8.00
687.91	-10.00
688.16	11.00
688.42	3.00
688.68	5.00
688.93	-9.00
689.19	8.00
689.45	-12.00
689.70	1.00
689.96	11.00
690.22	15.00
690.47	-10.00
690.73	35.00
690.99	0.00
691.24	-1.00
691.50	5.00
691.75	29.00
692.01	-7.00
692.27	4.00
692.52	19.00
692.78	16.00
693.04	-3.00
693.29	9.00
693.55	7.00
693.81	0.00
694.06	6.00
694.32	-4.00
694.58	5.00
694.83	5.00
695.09	25.00
695.34	30.00
695.60	20.00
695.86	-5.00
696.11	-4.00
696.37	1.00
696.63	-5.00
696.88	9.00
697.14	22.00
697.39	2.00
697.65	8.00
697.91	11.00
698.16	25.00
698.42	13.00
698.68	9.00
698.93	8.00
699.19	4.00
699.44	16.00
699.70	-3.00
699.96	9.00
700.21	-1.00
700.47	10.00
700.72	20.00
700.98	11.00
701.24	1.00
701.49	28.00
701.75	-7.00
702.01	-7.00
702.26	5.00
702.52	23.00
702.77	7.00
703.03	1.00
703.29	0.00
703.54	1.00
703.80	7.00
704.05	29.00
704.31	15.00
704.57	26.00
704.82	14.00
705.08	6.00
705.33	12.00
705.59	3.00
705.85	-1.00
706.10	4.00
706.36	0.00
706.61	13.00
706.87	6.00
707.13	0.00
707.38	3.00
707.64	-6.00
707.89	11.00
708.15	-10.00
708.41	22.00
708.66	22.00
708.92	8.00
709.17	11.00
709.43	18.00
709.68	11.00
709.94	23.00
710.20	26.00
710.45	-3.00
710.71	2.00
710.96	-6.00
711.22	3.00
711.47	39.00
711.73	16.00
711.99	15.00
712.24	10.00
712.50	-17.00
712.75	2.00
713.01	8.00
713.27	6.00
713.52	15.00
713.78	7.00
714.03	-9.00
714.29	-3.00
714.54	-3.00
714.80	19.00
715.05	7.00
715.31	16.00
715.57	11.00
715.82	-9.00
716.08	-3.00
716.33	22.00
716.59	14.00
716.84	2.00
717.10	15.00
717.36	-2.00
717.61	3.00
717.87	8.00
718.12	30.00
718.38	4.00
718.63	-15.00
718.89	4.00
719.14	-2.00
719.40	8.00
719.66	7.00
719.91	-3.00
720.17	3.00
720.42	-6.00
720.68	2.00
720.93	14.00
721.19	6.00
721.44	9.00
721.70	4.00
721.95	1.00
722.21	-1.00
722.46	-29.00
722.72	35.00
722.98	12.00
723.23	-4.00
723.49	-7.00
723.74	-23.00
724.00	-12.00
724.25	-7.00
724.51	11.00
724.76	-3.00
725.02	-3.00
725.27	12.00
725.53	4.00
725.78	20.00
726.04	6.00
726.29	1.00
726.55	6.00
726.81	30.00
727.06	25.00
727.32	-4.00
727.57	-4.00
727.83	-18.00
728.08	-19.00
728.34	34.00
728.59	6.00
728.85	27.00
729.10	-3.00
729.36	6.00
729.61	9.00
729.87	6.00
730.12	19.00
730.38	11.00
730.63	15.00
730.89	21.00
731.14	-10.00
731.40	7.00
731.65	3.00
731.91	-1.00
732.16	16.00
732.42	17.00
732.67	14.00
732.93	-5.00
733.18	0.00
733.44	5.00
733.69	4.00
733.95	-5.00
734.20	9.00
734.46	1.00
734.71	-9.00
734.97	6.00
735.22	2.00
735.48	-12.00
735.73	39.00
735.99	11.00
736.24	-17.00
736.50	12.00
736.75	29.00
737.01	17.00
737.26	7.00
737.52	15.00
737.77	12.00
738.03	9.00
738.28	30.00
738.54	5.00
738.79	9.00
739.05	4.00
739.30	9.00
739.56	10.00
739.81	-1.00
740.07	0.00
740.32	8.00
740.58	12.00
740.83	11.00
741.09	14.00
741.34	13.00
741.59	21.00
741.85	29.00
742.10	6.00
742.36	13.00
742.61	3.00
742.87	29.00
743.12	10.00
743.38	1.00
743.63	-17.00
743.89	17.00
744.14	18.00
744.40	-3.00
744.65	5.00
744.91	7.00
745.16	20.00
745.41	17.00
745.67	-4.00
745.92	-14.00
746.18	10.00
746.43	17.00
746.69	0.00
746.94	23.00
747.20	-1.00
747.45	-18.00
747.71	17.00
747.96	19.00
748.21	5.00
748.47	-7.00
748.72	6.00
748.98	2.00
749.23	7.00
749.49	0.00
749.74	9.00
750.00	0.00
750.25	2.00
750.50	29.00
750.76	22.00
751.01	8.00
751.27	18.00
751.52	12.00
751.78	0.00
752.03	5.00
752.29	4.00
752.54	5.00
752.79	2.00
753.05	11.00
753.30	3.00
753.56	21.00
753.81	30.00
754.07	25.00
754.32	-7.00
754.57	9.00
754.83	24.00
755.08	4.00
755.34	0.00
755.59	-14.00
755.85	-8.00
756.10	-13.00
756.35	-21.00
756.61	17.00
756.86	26.00
757.12	-7.00
757.37	9.00
757.63	8.00
757.88	6.00
758.13	9.00
758.39	2.00
758.64	-18.00
758.90	24.00
759.15	12.00
759.40	16.00
759.66	11.00
759.91	-1.00
760.17	12.00
760.42	4.00
760.67	-5.00
760.93	17.00
761.18	30.00
761.44	5.00
761.69	20.00
761.94	13.00
762.20	14.00
762.45	21.00
762.71	9.00
762.96	10.00
763.22	-16.00
763.47	-13.00
763.72	8.00
763.98	14.00
764.23	21.00
764.48	12.00
764.74	9.00
764.99	10.00
765.25	21.00
765.50	-4.00
765.75	-10.00
766.01	23.00
766.26	1.00
766.52	-2.00
766.77	-7.00
767.02	-24.00
767.28	-2.00
767.53	8.00
767.79	21.00
768.04	3.00
768.29	3.00
768.55	5.00
768.80	15.00
769.05	-1.00
769.31	-9.00
769.56	16.00
769.82	7.00
770.07	-2.00
770.32	5.00
770.58	9.00
770.83	-7.00
771.08	2.00
771.34	10.00
771.59	11.00
771.85	11.00
772.10	-8.00
772.35	7.00
772.61	19.00
772.86	6.00
773.11	13.00
773.37	10.00
773.62	0.00
773.87	8.00
774.13	17.00
774.38	-1.00
774.64	13.00
774.89	11.00
775.14	15.00
775.40	17.00
775.65	4.00
775.90	1.00
776.16	16.00
776.41	5.00
776.66	12.00
776.92	16.00
777.17	-8.00
777.42	-1.00
777.68	8.00
777.93	8.00
778.18	7.00
778.44	-5.00
778.69	5.00
778.94	3.00
779.20	-3.00
779.45	-13.00
779.71	4.00
779.96	-7.00
780.21	7.00
780.47	4.00
780.72	7.00
780.97	17.00
781.23	-2.00
781.48	3.00
781.73	3.00
781.99	9.00
782.24	-5.00
782.49	2.00
782.75	39.00
783.00	37.00
783.25	15.00
783.51	9.00
783.76	13.00
784.01	35.00
784.27	0.00
784.52	-9.00
784.77	12.00
785.02	12.00
785.28	3.00
785.53	2.00
785.78	22.00
786.04	-8.00
786.29	7.00
786.54	10.00
786.80	27.00
787.05	16.00
787.30	9.00
787.56	13.00
787.81	12.00
788.06	18.00
788.32	7.00
788.57	13.00
788.82	12.00
789.08	3.00
789.33	14.00
789.58	3.00
789.83	9.00
790.09	2.00
790.34	13.00
790.59	10.00
790.85	-9.00
791.10	1.00
791.35	6.00
791.61	28.00
791.86	0.00
792.11	11.00
792.36	1.00
792.62	14.00
792.87	8.00
793.12	5.00
793.38	5.00
793.63	20.00
793.88	2.00
794.14	4.00
794.39	9.00
794.64	6.00
794.89	-7.00
795.15	8.00
795.40	2.00
795.65	-1.00
795.91	3.00
796.16	7.00
796.41	3.00
796.66	3.00
796.92	7.00
797.17	18.00
797.42	12.00
797.67	-1.00
797.93	4.00
798.18	9.00
798.43	7.00
798.69	6.00
798.94	20.00
799.19	18.00
799.44	16.00
799.70	2.00
799.95	12.00
800.20	-6.00
800.46	-3.00
800.71	-2.00
800.96	-14.00
801.21	9.00
801.47	21.00
801.72	6.00
801.97	-10.00
802.22	0.00
802.48	5.00
802.73	3.00
802.98	8.00
803.23	8.00
803.49	9.00
803.74	24.00
803.99	23.00
804.24	1.00
804.50	-1.00
804.75	-2.00
805.00	0.00
805.25	4.00
805.51	6.00
805.76	4.00
806.01	-12.00
806.26	11.00
806.52	9.00
806.77	27.00
807.02	7.00
807.27	8.00
807.53	-6.00
807.78	18.00
808.03	7.00
808.28	-10.00
808.54	-1.00
808.79	1.00
809.04	9.00
809.29	-3.00
809.55	27.00
809.80	9.00
810.05	7.00
810.30	5.00
810.56	1.00
810.81	19.00
811.06	30.00
811.31	27.00
811.56	25.00
811.82	9.00
812.07	13.00
812.32	6.00
812.57	-6.00
812.83	-20.00
813.08	25.00
813.33	17.00
813.58	19.00
813.83	25.00
814.09	17.00
814.34	6.00
814.59	14.00
814.84	-5.00
815.10	-6.00
815.35	12.00
815.60	-8.00
815.85	-12.00
816.10	-18.00
816.36	2.00
816.61	13.00
816.86	3.00
817.11	-1.00
817.36	26.00
817.62	2.00
817.87	15.00
818.12	8.00
818.37	-13.00
818.63	-5.00
818.88	12.00
819.13	27.00
819.38	9.00
819.63	10.00
819.89	24.00
820.14	10.00
820.39	-4.00
820.64	19.00
820.89	5.00
821.15	26.00
821.40	0.00
821.65	-8.00
821.90	-9.00
822.15	6.00
822.40	13.00
822.66	11.00
822.91	6.00
823.16	17.00
823.41	-8.00
823.66	5.00
823.92	23.00
824.17	9.00
824.42	13.00
824.67	0.00
824.92	12.00
825.18	18.00
825.43	0.00
825.68	-11.00
825.93	6.00
826.18	7.00
826.43	1.00
826.69	4.00
826.94	4.00
827.19	-1.00
827.44	18.00
827.69	-1.00
827.94	12.00
828.20	10.00
828.45	14.00
828.70	2.00
828.95	-2.00
829.20	-6.00
829.46	-11.00
829.71	-13.00
829.96	11.00
830.21	20.00
830.46	4.00
830.71	11.00
830.96	11.00
831.22	10.00
831.47	26.00
831.72	14.00
831.97	-22.00
832.22	12.00
832.47	-11.00
832.73	-2.00
832.98	5.00
833.23	6.00
833.48	0.00
833.73	16.00
833.98	-6.00
834.24	10.00
834.49	-1.00
834.74	11.00
834.99	-4.00
835.24	14.00
835.49	12.00
835.74	-5.00
836.00	9.00
836.25	-10.00
836.50	-3.00
836.75	5.00
837.00	7.00
837.25	6.00
837.50	6.00
837.76	18.00
838.01	14.00
838.26	17.00
838.51	0.00
838.76	0.00
839.01	14.00
839.26	-3.00
839.51	4.00
839.77	-2.00
840.02	4.00
840.27	24.00
840.52	-5.00
840.77	-3.00
841.02	15.00
841.27	10.00
841.52	17.00
841.78	4.00
842.03	-13.00
842.28	9.00
842.53	0.00
842.78	16.00
843.03	14.00
843.28	26.00
843.53	30.00
843.79	19.00
844.04	13.00
844.29	5.00
844.54	18.00
844.79	11.00
845.04	-7.00
845.29	17.00
845.54	5.00
845.79	10.00
846.05	27.00
846.30	0.00
846.55	12.00
846.80	-2.00
847.05	17.00
847.30	1.00
847.55	-6.00
847.80	2.00
848.05	4.00
848.30	28.00
848.56	10.00
848.81	25.00
849.06	16.00
849.31	0.00
849.56	9.00
849.81	-7.00
850.06	17.00
850.31	19.00
850.56	14.00
850.81	6.00
851.07	12.00
851.32	-11.00
851.57	5.00
851.82	6.00
852.07	16.00
852.32	12.00
852.57	15.00
852.82	-10.00
853.07	-4.00
853.32	23.00
853.57	23.00
853.82	12.00
854.08	13.00
854.33	-15.00
854.58	3.00
854.83	21.00
855.08	2.00
855.33	5.00
855.58	-3.00
855.83	18.00
856.08	6.00
856.33	14.00
856.58	-5.00
856.83	5.00
857.08	2.00
857.33	-1.00
857.59	8.00
857.84	-3.00
858.09	18.00
858.34	14.00
858.59	20.00
858.84	5.00
859.09	14.00
859.34	0.00
859.59	13.00
859.84	13.00
860.09	-14.00
860.34	-14.00
860.59	31.00
860.84	17.00
861.09	3.00
861.34	12.00
861.60	18.00
861.85	11.00
862.10	16.00
862.35	-14.00
862.60	-3.00
862.85	12.00
863.10	10.00
863.35	22.00
863.60	-12.00
863.85	7.00
864.10	23.00
864.35	-1.00
864.60	-11.00
864.85	0.00
865.10	25.00
865.35	12.00
865.60	-5.00
865.85	19.00
866.10	13.00
866.35	1.00
866.60	4.00
866.85	16.00
867.10	8.00
867.35	17.00
867.61	-4.00
867.86	-12.00
868.11	8.00
868.36	-12.00
868.61	7.00
868.86	12.00
869.11	-2.00
869.36	0.00
869.61	8.00
869.86	1.00
870.11	5.00
870.36	19.00
870.61	3.00
870.86	1.00
871.11	19.00
871.36	25.00
871.61	25.00
871.86	20.00
872.11	16.00
872.36	-3.00
872.61	1.00
872.86	1.00
873.11	-7.00
873.36	4.00
873.61	1.00
873.86	-4.00
874.11	20.00
874.36	11.00
874.61	9.00
874.86	10.00
875.11	-10.00
875.36	-13.00
875.61	0.00
875.86	9.00
876.11	17.00
876.36	9.00
876.61	2.00
876.86	4.00
877.11	16.00
877.36	0.00
877.61	-1.00
877.86	6.00
878.11	13.00
878.36	-2.00
878.61	0.00
878.86	-7.00
879.11	-5.00
879.36	5.00
879.61	-1.00
879.86	-1.00
880.11	5.00
880.36	10.00
880.61	-10.00
880.86	-8.00
881.11	9.00
881.36	-8.00
881.61	16.00
881.86	30.00
882.11	3.00
882.36	-10.00
882.61	2.00
882.86	-25.00
883.11	13.00
883.36	10.00
883.61	4.00
883.86	5.00
884.11	16.00
884.36	20.00
884.61	11.00
884.86	9.00
885.11	24.00
885.35	16.00
885.60	2.00
885.85	14.00
886.10	13.00
886.35	1.00
886.60	1.00
886.85	10.00
887.10	-2.00
887.35	30.00
887.60	14.00
887.85	-6.00
888.10	6.00
888.35	0.00
888.60	20.00
888.85	19.00
889.10	-20.00
889.35	12.00
889.60	10.00
889.85	4.00
890.10	19.00
890.35	3.00
890.60	17.00
890.85	7.00
891.10	9.00
891.34	13.00
891.59	4.00
891.84	8.00
892.09	6.00
892.34	-3.00
892.59	-9.00
892.84	20.00
893.09	-4.00
893.34	-2.00
893.59	-7.00
893.84	24.00
894.09	1.00
894.34	3.00
894.59	24.00
894.84	-3.00
895.09	4.00
895.33	3.00
895.58	8.00
895.83	13.00
896.08	21.00
896.33	17.00
896.58	9.00
896.83	-3.00
897.08	-4.00
897.33	1.00
897.58	12.00
897.83	9.00
898.08	24.00
898.33	9.00
898.58	14.00
898.82	12.00
899.07	-6.00
899.32	14.00
899.57	4.00
899.82	6.00
900.07	10.00
900.32	4.00
900.57	14.00
900.82	-2.00
901.07	16.00
901.32	2.00
901.57	12.00
901.81	-9.00
902.06	24.00
902.31	4.00
902.56	-6.00
902.81	11.00
903.06	11.00
903.31	-18.00
903.56	1.00
903.81	17.00
904.06	2.00
904.30	2.00
904.55	2.00
904.80	6.00
905.05	-8.00
905.30	13.00
905.55	10.00
905.80	18.00
906.05	10.00
906.30	8.00
906.55	-3.00
906.79	15.00
907.04	-1.00
907.29	-2.00
907.54	17.00
907.79	7.00
908.04	-13.00
908.29	-6.00
908.54	1.00
908.79	2.00
909.03	-12.00
909.28	-2.00
909.53	1.00
909.78	11.00
910.03	16.00
910.28	17.00
910.53	3.00
910.78	-11.00
911.02	1.00
911.27	27.00
911.52	15.00
911.77	7.00
912.02	11.00
912.27	4.00
912.52	13.00
912.77	-11.00
913.01	16.00
913.26	12.00
913.51	3.00
913.76	13.00
914.01	29.00
914.26	3.00
914.51	8.00
914.75	14.00
915.00	-2.00
915.25	-4.00
915.50	-2.00
915.75	-10.00
916.00	10.00
916.25	9.00
916.50	12.00
916.74	15.00
916.99	-5.00
917.24	2.00
917.49	8.00
917.74	15.00
917.99	29.00
918.23	23.00
918.48	4.00
918.73	15.00
918.98	17.00
919.23	14.00
919.48	8.00
919.73	-1.00
919.97	12.00
920.22	10.00
920.47	4.00
920.72	7.00
920.97	26.00
921.22	29.00
921.46	-8.00
921.71	-2.00
921.96	27.00
922.21	28.00
922.46	14.00
922.71	13.00
922.95	15.00
923.20	5.00
923.45	7.00
923.70	18.00
923.95	-4.00
924.20	14.00
924.44	13.00
924.69	13.00
924.94	-4.00
925.19	8.00
925.44	-11.00
925.69	-7.00
925.93	-10.00
926.18	13.00
926.43	5.00
926.68	-14.00
926.93	-15.00
927.17	7.00
927.42	-6.00
927.67	-5.00
927.92	23.00
928.17	-19.00
928.42	2.00
928.66	-26.00
928.91	4.00
929.16	6.00
929.41	1.00
929.66	27.00
929.90	-7.00
930.15	0.00
930.40	-3.00
930.65	4.00
930.90	-18.00
931.14	-2.00
931.39	-7.00
931.64	-10.00
931.89	2.00
932.14	16.00
932.38	28.00
932.63	-4.00
932.88	-6.00
933.13	11.00
933.38	2.00
933.62	1.00
933.87	8.00
934.12	-22.00
934.37	10.00
934.62	12.00
934.86	1.00
935.11	12.00
935.36	-1.00
935.61	8.00
935.86	9.00
936.10	12.00
936.35	-1.00
936.60	-3.00
936.85	23.00
937.09	16.00
937.34	12.00
937.59	9.00
937.84	-7.00
938.09	3.00
938.33	3.00
938.58	3.00
938.83	20.00
939.08	-8.00
939.32	-2.00
939.57	5.00
939.82	3.00
940.07	2.00
940.32	3.00
940.56	1.00
940.81	11.00
941.06	-2.00
941.31	18.00
941.55	7.00
941.80	19.00
942.05	-4.00
942.30	-13.00
942.54	19.00
942.79	17.00
943.04	-10.00
943.29	6.00
943.54	3.00
943.78	-7.00
944.03	1.00
944.28	-1.00
944.53	34.00
944.77	11.00
945.02	22.00
945.27	4.00
945.52	16.00
945.76	5.00
946.01	16.00
946.26	0.00
946.51	17.00
946.75	1.00
947.00	3.00
947.25	-7.00
947.50	18.00
947.74	5.00
947.99	12.00
948.24	7.00
948.48	-8.00
948.73	5.00
948.98	15.00
949.23	14.00
949.47	14.00
949.72	-10.00
949.97	26.00
950.22	12.00
950.46	3.00
950.71	4.00
950.96	22.00
951.21	25.00
951.45	-3.00
951.70	2.00
951.95	-8.00
952.20	-4.00
952.44	8.00
952.69	4.00
952.94	7.00
953.18	-3.00
953.43	7.00
953.68	22.00
953.93	12.00
954.17	15.00
954.42	26.00
954.67	20.00
954.91	17.00
955.16	26.00
955.41	11.00
955.66	-10.00
955.90	-1.00
956.15	27.00
956.40	7.00
956.64	10.00
956.89	15.00
957.14	-22.00
957.39	-20.00
957.63	18.00
957.88	21.00
958.13	11.00
958.37	12.00
958.62	11.00
958.87	2.00
959.12	25.00
959.36	12.00
959.61	15.00
959.86	14.00
960.10	0.00
960.35	10.00
960.60	15.00
960.84	15.00
961.09	8.00
961.34	16.00
961.58	14.00
961.83	11.00
962.08	9.00
962.33	6.00
962.57	8.00
962.82	12.00
963.07	16.00
963.31	6.00
963.56	-3.00
963.81	-11.00
964.05	8.00
964.30	13.00
964.55	15.00
964.79	15.00
965.04	29.00
965.29	18.00
965.53	7.00
965.78	9.00
966.03	-8.00
966.27	23.00
966.52	10.00
966.77	0.00
967.02	-2.00
967.26	-11.00
967.51	15.00
967.76	15.00
968.00	6.00
968.25	4.00
968.50	13.00
968.74	1.00
968.99	3.00
969.24	14.00
969.48	26.00
969.73	-7.00
969.98	17.00
970.22	17.00
970.47	18.00
970.72	3.00
970.96	7.00
971.21	3.00
971.45	7.00
971.70	13.00
971.95	11.00
972.19	16.00
972.44	-13.00
972.69	3.00
972.93	-8.00
973.18	6.00
973.43	18.00
973.67	21.00
973.92	23.00
974.17	24.00
974.41	2.00
974.66	15.00
974.91	-2.00
975.15	15.00
975.40	17.00
975.65	18.00
975.89	20.00
976.14	-6.00
976.38	-23.00
976.63	21.00
976.88	23.00
977.12	7.00
977.37	18.00
977.62	22.00
977.86	15.00
978.11	18.00
978.36	1.00
978.60	4.00
978.85	18.00
979.09	9.00
979.34	19.00
979.59	-1.00
979.83	-3.00
980.08	18.00
980.33	38.00
980.57	2.00
980.82	14.00
981.06	2.00
981.31	3.00
981.56	21.00
981.80	25.00
982.05	11.00
982.30	21.00
982.54	21.00
982.79	23.00
983.03	11.00
983.28	-3.00
983.53	-15.00
983.77	6.00
984.02	-6.00
984.26	6.00
984.51	6.00
984.76	18.00
985.00	29.00
985.25	32.00
985.49	5.00
985.74	15.00
985.99	26.00
986.23	1.00
986.48	-8.00
986.72	36.00
986.97	20.00
987.22	0.00
987.46	-8.00
987.71	22.00
987.95	13.00
988.20	18.00
988.45	22.00
988.69	5.00
988.94	1.00
989.18	10.00
989.43	7.00
989.68	18.00
989.92	37.00
990.17	11.00
990.41	5.00
990.66	21.00
990.91	6.00
991.15	-6.00
991.40	10.00
991.64	7.00
991.89	10.00
992.14	16.00
992.38	16.00
992.63	-3.00
992.87	6.00
993.12	6.00
993.36	12.00
993.61	7.00
993.86	14.00
994.10	13.00
994.35	27.00
994.59	-1.00
994.84	3.00
995.08	23.00
995.33	9.00
995.58	-10.00
995.82	15.00
996.07	-2.00
996.31	19.00
996.56	22.00
996.80	6.00
997.05	8.00
997.30	-13.00
997.54	4.00
997.79	4.00
998.03	18.00
998.28	17.00
998.52	11.00
998.77	13.00
999.01	9.00
999.26	2.00
999.51	0.00
999.75	9.00
1000.00	1.00
1000.24	27.00
1000.49	-1.00
1000.73	25.00
1000.98	30.00
1001.22	12.00
1001.47	20.00
1001.71	21.00
1001.96	5.00
1002.21	-10.00
1002.45	7.00
1002.70	17.00
1002.94	3.00
1003.19	22.00
1003.43	20.00
1003.68	14.00
1003.92	13.00
1004.17	-4.00
1004.41	0.00
1004.66	-10.00
1004.91	4.00
1005.15	6.00
1005.40	-15.00
1005.64	1.00
1005.89	12.00
1006.13	30.00
1006.38	10.00
1006.62	13.00
1006.87	34.00
1007.11	-2.00
1007.36	35.00
1007.60	20.00
1007.85	15.00
1008.09	23.00
1008.34	-2.00
1008.58	35.00
1008.83	-1.00
1009.07	27.00
1009.32	28.00
1009.57	19.00
1009.81	18.00
1010.06	17.00
1010.30	20.00
1010.55	25.00
1010.79	-5.00
1011.04	17.00
1011.28	5.00
1011.53	8.00
1011.77	13.00
1012.02	6.00
1012.26	10.00
1012.51	12.00
1012.75	4.00
1013.00	16.00
1013.24	0.00
1013.49	13.00
1013.73	33.00
1013.98	-6.00
1014.22	12.00
1014.47	12.00
1014.71	13.00
1014.96	7.00
1015.20	14.00
1015.45	14.00
1015.69	1.00
1015.94	25.00
1016.18	36.00
1016.43	30.00
1016.67	21.00
1016.92	17.00
1017.16	26.00
1017.41	23.00
1017.65	16.00
1017.90	7.00
1018.14	16.00
1018.39	33.00
1018.63	39.00
1018.88	24.00
1019.12	23.00
1019.36	29.00
1019.61	19.00
1019.85	4.00
1020.10	7.00
1020.34	44.00
1020.59	18.00
1020.83	36.00
1021.08	23.00
1021.32	25.00
1021.57	17.00
1021.81	23.00
1022.06	28.00
1022.30	20.00
1022.55	21.00
1022.79	34.00
1023.04	25.00
1023.28	16.00
1023.53	8.00
1023.77	-4.00
1024.01	24.00
1024.26	18.00
1024.50	35.00
1024.75	7.00
1024.99	21.00
1025.24	29.00
1025.48	19.00
1025.73	21.00
1025.97	32.00
1026.22	21.00
1026.46	23.00
1026.71	26.00
1026.95	-9.00
1027.19	32.00
1027.44	22.00
1027.68	9.00
1027.93	39.00
1028.17	37.00
1028.42	39.00
1028.66	21.00
1028.91	36.00
1029.15	31.00
1029.39	28.00
1029.64	19.00
1029.88	35.00
1030.13	28.00
1030.37	52.00
1030.62	51.00
1030.86	47.00
1031.11	29.00
1031.35	30.00
1031.59	14.00
1031.84	46.00
1032.08	19.00
1032.33	44.00
1032.57	38.00
1032.82	72.00
1033.06	38.00
1033.30	48.00
1033.55	38.00
1033.79	77.00
1034.04	58.00
1034.28	56.00
1034.53	50.00
1034.77	66.00
1035.01	64.00
1035.26	62.00
1035.50	61.00
1035.75	54.00
1035.99	43.00
1036.24	65.00
1036.48	67.00
1036.72	74.00
1036.97	69.00
1037.21	73.00
1037.46	90.00
1037.70	111.00
1037.94	101.00
1038.19	88.00
1038.43	109.00
1038.68	120.00
1038.92	110.00
1039.16	152.00
1039.41	115.00
1039.65	137.00
1039.90	162.00
1040.14	162.00
1040.39	187.00
1040.63	201.00
1040.87	182.00
1041.12	213.00
1041.36	208.00
1041.61	230.00
1041.85	282.00
1042.09	300.00
1042.34	369.00
1042.58	415.00
1042.83	512.00
1043.07	614.00
1043.31	795.00
1043.56	873.00
1043.80	949.00
1044.04	1078.00
1044.29	1140.00
1044.53	1279.00
1044.78	1330.00
1045.02	1466.00
1045.26	1555.00
1045.51	1735.00
1045.75	1961.00
1046.00	2062.00
1046.24	2213.00
1046.48	2494.00
1046.73	2898.00
1046.97	3305.00
1047.21	3679.00
1047.46	4007.00
1047.70	4329.00
1047.95	4685.00
1048.19	4931.00
1048.43	5416.00
1048.68	5773.00
1048.92	5871.00
1049.16	6127.00
1049.41	6542.00
1049.65	6611.00
1049.90	6877.00
1050.14	7090.00
1050.38	7245.00
1050.63	7421.00
1050.87	7660.00
1051.11	7664.00
1051.36	7744.00
1051.60	7665.00
1051.84	7550.00
1052.09	7627.00
1052.33	7431.00
1052.58	7205.00
1052.82	7316.00
1053.06	7326.00
1053.31	7335.00
1053.55	6901.00
1053.79	6509.00
1054.04	6003.00
1054.28	5563.00
1054.52	5269.00
1054.77	4886.00
1055.01	4590.00
1055.25	4288.00
1055.50	3950.00
1055.74	3707.00
1055.98	3449.00
1056.23	3160.00
1056.47	2865.00
1056.72	2716.00
1056.96	2527.00
1057.20	2366.00
1057.45	2152.00
1057.69	1859.00
1057.93	1714.00
1058.18	1563.00
1058.42	1477.00
1058.66	1307.00
1058.91	1210.00
1059.15	1071.00
1059.39	982.00
1059.64	878.00
1059.88	758.00
1060.12	711.00
1060.37	639.00
1060.61	569.00
1060.85	499.00
1061.10	442.00
1061.34	343.00
1061.58	273.00
1061.83	212.00
1062.07	189.00
1062.31	165.00
1062.55	143.00
1062.80	132.00
1063.04	129.00
1063.28	139.00
1063.53	147.00
1063.77	143.00
1064.01	114.00
1064.26	116.00
1064.50	97.00
1064.74	83.00
1064.99	105.00
1065.23	98.00
1065.47	85.00
1065.72	91.00
1065.96	72.00
1066.20	85.00
1066.44	82.00
1066.69	79.00
1066.93	59.00
1067.17	42.00
1067.42	49.00
1067.66	55.00
1067.90	67.00
1068.15	50.00
1068.39	67.00
1068.63	54.00
1068.88	68.00
1069.12	67.00
1069.36	38.00
1069.60	38.00
1069.85	50.00
1070.09	60.00
1070.33	38.00
1070.58	38.00
1070.82	22.00
1071.06	28.00
1071.30	51.00
1071.55	21.00
1071.79	23.00
1072.03	38.00
1072.28	27.00
1072.52	23.00
1072.76	23.00
1073.00	28.00
1073.25	15.00
1073.49	8.00
1073.73	19.00
1073.98	25.00
1074.22	24.00
1074.46	34.00
1074.70	23.00
1074.95	20.00
1075.19	25.00
1075.43	1.00
1075.67	2.00
1075.92	16.00
1076.16	25.00
1076.40	25.00
1076.65	22.00
1076.89	15.00
1077.13	25.00
1077.37	12.00
1077.62	26.00
1077.86	14.00
1078.10	34.00
1078.34	8.00
1078.59	24.00
1078.83	13.00
1079.07	7.00
1079.31	34.00
1079.56	8.00
1079.80	4.00
1080.04	18.00
1080.28	21.00
1080.53	31.00
1080.77	17.00
1081.01	10.00
1081.25	1.00
1081.50	1.00
1081.74	21.00
1081.98	14.00
1082.22	-6.00
1082.47	26.00
1082.71	-3.00
1082.95	9.00
1083.19	9.00
1083.44	17.00
1083.68	3.00
1083.92	34.00
1084.16	20.00
1084.41	12.00
1084.65	12.00
1084.89	27.00
1085.13	22.00
1085.38	18.00
1085.62	24.00
1085.86	-3.00
1086.10	3.00
1086.35	27.00
1086.59	11.00
1086.83	7.00
1087.07	21.00
1087.31	2.00
1087.56	14.00
1087.80	14.00
1088.04	10.00
1088.28	28.00
1088.53	2.00
1088.77	9.00
1089.01	13.00
1089.25	17.00
1089.50	20.00
1089.74	5.00
1089.98	-2.00
1090.22	7.00
1090.46	2.00
1090.71	30.00
1090.95	-4.00
1091.19	4.00
1091.43	17.00
1091.67	-10.00
1091.92	17.00
1092.16	23.00
1092.40	38.00
1092.64	13.00
1092.89	4.00
1093.13	2.00
1093.37	16.00
1093.61	1.00
1093.85	15.00
1094.10	17.00
1094.34	5.00
1094.58	-4.00
1094.82	2.00
1095.06	-2.00
1095.31	24.00
1095.55	24.00
1095.79	9.00
1096.03	14.00
1096.27	-7.00
1096.52	20.00
1096.76	-12.00
1097.00	-7.00
1097.24	15.00
1097.48	24.00
1097.72	16.00
1097.97	-8.00
1098.21	4.00
1098.45	-2.00
1098.69	9.00
1098.93	-11.00
1099.18	15.00
1099.42	17.00
1099.66	41.00
1099.90	13.00
1100.14	14.00
1100.38	11.00
1100.63	8.00
1100.87	13.00
1101.11	25.00
1101.35	17.00
1101.59	16.00
1101.84	-22.00
1102.08	-13.00
1102.32	-1.00
1102.56	3.00
1102.80	3.00
1103.04	13.00
1103.29	12.00
1103.53	6.00
1103.77	27.00
1104.01	19.00
1104.25	-6.00
1104.49	2.00
1104.74	-16.00
1104.98	0.00
1105.22	38.00
1105.46	10.00
1105.70	48.00
1105.94	17.00
1106.19	7.00
1106.43	25.00
1106.67	11.00
1106.91	-4.00
1107.15	6.00
1107.39	23.00
1107.63	19.00
1107.88	30.00
1108.12	12.00
1108.36	11.00
1108.60	0.00
1108.84	8.00
1109.08	-3.00
1109.32	15.00
1109.57	19.00
1109.81	15.00
1110.05	17.00
1110.29	14.00
1110.53	15.00
1110.77	11.00
1111.01	22.00
1111.26	24.00
1111.50	3.00
1111.74	24.00
1111.98	-2.00
1112.22	14.00
1112.46	9.00
1112.70	19.00
1112.95	20.00
1113.19	38.00
1113.43	11.00
1113.67	-9.00
1113.91	-1.00
1114.15	8.00
1114.39	8.00
1114.63	19.00
1114.88	-12.00
1115.12	24.00
1115.36	36.00
1115.60	22.00
1115.84	-9.00
1116.08	-1.00
1116.32	15.00
1116.56	11.00
1116.81	15.00
1117.05	18.00
1117.29	7.00
1117.53	19.00
1117.77	18.00
1118.01	19.00
1118.25	11.00
1118.49	-5.00
1118.73	9.00
1118.98	17.00
1119.22	11.00
1119.46	29.00
1119.70	-6.00
1119.94	9.00
1120.18	22.00
1120.42	3.00
1120.66	7.00
1120.90	25.00
1121.15	19.00
1121.39	6.00
1121.63	9.00
1121.87	14.00
1122.11	7.00
1122.35	5.00
1122.59	7.00
1122.83	21.00
1123.07	26.00
1123.31	19.00
1123.55	15.00
1123.80	-1.00
1124.04	-5.00
1124.28	7.00
1124.52	20.00
1124.76	18.00
1125.00	5.00
1125.24	-5.00
1125.48	23.00
1125.72	0.00
1125.96	6.00
1126.20	-4.00
1126.45	-4.00
1126.69	8.00
1126.93	2.00
1127.17	10.00
1127.41	17.00
1127.65	5.00
1127.89	23.00
1128.13	6.00
1128.37	21.00
1128.61	0.00
1128.85	3.00
1129.09	18.00
1129.33	2.00
1129.58	12.00
1129.82	13.00
1130.06	9.00
1130.30	8.00
1130.54	-4.00
1130.78	14.00
1131.02	23.00
1131.26	22.00
1131.50	23.00
